[
  0.0000000000000000000000000000000000,
  0.0010010006371885538101196289062500,
  0.0020019994117319583892822265625000,
  0.0030029939953237771987915039062500,
  0.0040039825253188610076904296875000,
  0.0050049629062414169311523437500000,
  0.0060059339739382266998291015625000,
  0.0070068924687802791595458984375000,
  0.0080078365281224250793457031250000,
  0.0090087652206420898437500000000000,
  0.0100096752867102622985839843750000,
  0.0110105657950043678283691406250000,
  0.0120114348828792572021484375000000,
  0.0130122778937220573425292968750000,
  0.0140130966901779174804687500000000,
  0.0150138866156339645385742187500000,
  0.0160146467387676239013671875000000,
  0.0170153733342885971069335937500000,
  0.0180160682648420333862304687500000,
  0.0190167259424924850463867187500000,
  0.0200173445045948028564453125000000,
  0.0210179258137941360473632812500000,
  0.0220184624195098876953125000000000,
  0.0230189561843872070312500000000000,
  0.0240194052457809448242187500000000,
  0.0250198021531105041503906250000000,
  0.0260201506316661834716796875000000,
  0.0270204488188028335571289062500000,
  0.0280206929892301559448242187500000,
  0.0290208794176578521728515625000000,
  0.0300210062414407730102539062500000,
  0.0310210771858692169189453125000000,
  0.0320210829377174377441406250000000,
  0.0330210253596305847167968750000000,
  0.0340209007263183593750000000000000,
  0.0350207090377807617187500000000000,
  0.0360204502940177917480468750000000,
  0.0370201170444488525390625000000000,
  0.0380197092890739440917968750000000,
  0.0390192233026027679443359375000000,
  0.0400186628103256225585937500000000,
  0.0410180203616619110107421875000000,
  0.0420172996819019317626953125000000,
  0.0430164895951747894287109375000000,
  0.0440155975520610809326171875000000,
  0.0450146161019802093505859375000000,
  0.0460135415196418762207031250000000,
  0.0470123812556266784667968750000000,
  0.0480111241340637207031250000000000,
  0.0490097738802433013916015625000000,
  0.0500083193182945251464843750000000,
  0.0510067678987979888916015625000000,
  0.0520051158964633941650390625000000,
  0.0530033595860004425048828125000000,
  0.0540014989674091339111328125000000,
  0.0549995303153991699218750000000000,
  0.0559974536299705505371093750000000,
  0.0569952614605426788330078125000000,
  0.0579929575324058532714843750000000,
  0.0589905343949794769287109375000000,
  0.0599879957735538482666015625000000,
  0.0609853416681289672851562500000000,
  0.0619825646281242370605468750000000,
  0.0629796609282493591308593750000000,
  0.0639766380190849304199218750000000,
  0.0649734809994697570800781250000000,
  0.0659701973199844360351562500000000,
  0.0669667795300483703613281250000000,
  0.0679632276296615600585937500000000,
  0.0689595490694046020507812500000000,
  0.0699557214975357055664062500000000,
  0.0709517747163772583007812500000000,
  0.0719476714730262756347656250000000,
  0.0729434266686439514160156250000000,
  0.0739390403032302856445312500000000,
  0.0749345049262046813964843750000000,
  0.0759298205375671386718750000000000,
  0.0769249796867370605468750000000000,
  0.0779199972748756408691406250000000,
  0.0789148509502410888671875000000000,
  0.0799095556139945983886718750000000,
  0.0809040963649749755859375000000000,
  0.0818984806537628173828125000000000,
  0.0828927010297775268554687500000000,
  0.0838867574930191040039062500000000,
  0.0848806500434875488281250000000000,
  0.0858743712306022644042968750000000,
  0.0868679210543632507324218750000000,
  0.0878612995147705078125000000000000,
  0.0888545066118240356445312500000000,
  0.0898475348949432373046875000000000,
  0.0908403918147087097167968750000000,
  0.0918330624699592590332031250000000,
  0.0928255543112754821777343750000000,
  0.0938178598880767822265625000000000,
  0.0948099866509437561035156250000000,
  0.0958019271492958068847656250000000,
  0.0967936739325523376464843750000000,
  0.0977852270007133483886718750000000,
  0.0987765938043594360351562500000000,
  0.0997677594423294067382812500000000,
  0.1007587313652038574218750000000000,
  0.1017495021224021911621093750000000,
  0.1027400791645050048828125000000000,
  0.1037304475903511047363281250000000,
  0.1047206148505210876464843750000000,
  0.1057105734944343566894531250000000,
  0.1067003235220909118652343750000000,
  0.1076898649334907531738281250000000,
  0.1086792051792144775390625000000000,
  0.1096683219075202941894531250000000,
  0.1106572225689888000488281250000000,
  0.1116459071636199951171875000000000,
  0.1126343682408332824707031250000000,
  0.1136226132512092590332031250000000,
  0.1146106347441673278808593750000000,
  0.1155984327197074890136718750000000,
  0.1165859997272491455078125000000000,
  0.1175733432173728942871093750000000,
  0.1185604557394981384277343750000000,
  0.1195473372936248779296875000000000,
  0.1205339804291725158691406250000000,
  0.1215204000473022460937500000000000,
  0.1225065663456916809082031250000000,
  0.1234925016760826110839843750000000,
  0.1244781911373138427734375000000000,
  0.1254636347293853759765625000000000,
  0.1264488399028778076171875000000000,
  0.1274338066577911376953125000000000,
  0.1284185051918029785156250000000000,
  0.1294029653072357177734375000000000,
  0.1303871721029281616210937500000000,
  0.1313711255788803100585937500000000,
  0.1323548257350921630859375000000000,
  0.1333382576704025268554687500000000,
  0.1343214362859725952148437500000000,
  0.1353043466806411743164062500000000,
  0.1362870037555694580078125000000000,
  0.1372693926095962524414062500000000,
  0.1382515281438827514648437500000000,
  0.1392333805561065673828125000000000,
  0.1402149796485900878906250000000000,
  0.1411962956190109252929687500000000,
  0.1421773284673690795898437500000000,
  0.1431580930948257446289062500000000,
  0.1441385746002197265625000000000000,
  0.1451187878847122192382812500000000,
  0.1460987180471420288085937500000000,
  0.1470783501863479614257812500000000,
  0.1480577141046524047851562500000000,
  0.1490367949008941650390625000000000,
  0.1500155776739120483398437500000000,
  0.1509940773248672485351562500000000,
  0.1519722789525985717773437500000000,
  0.1529501974582672119140625000000000,
  0.1539278030395507812500000000000000,
  0.1549051254987716674804687500000000,
  0.1558821499347686767578125000000000,
  0.1568588763475418090820312500000000,
  0.1578352898359298706054687500000000,
  0.1588114202022552490234375000000000,
  0.1597872227430343627929687500000000,
  0.1607627272605895996093750000000000,
  0.1617379337549209594726562500000000,
  0.1627128124237060546875000000000000,
  0.1636873930692672729492187500000000,
  0.1646616607904434204101562500000000,
  0.1656356155872344970703125000000000,
  0.1666092425584793090820312500000000,
  0.1675825566053390502929687500000000,
  0.1685555428266525268554687500000000,
  0.1695282161235809326171875000000000,
  0.1705005615949630737304687500000000,
  0.1714725792407989501953125000000000,
  0.1724442690610885620117187500000000,
  0.1734156310558319091796875000000000,
  0.1743866652250289916992187500000000,
  0.1753573566675186157226562500000000,
  0.1763277351856231689453125000000000,
  0.1772977560758590698242187500000000,
  0.1782674491405487060546875000000000,
  0.1792368143796920776367187500000000,
  0.1802058219909667968750000000000000,
  0.1811745017766952514648437500000000,
  0.1821428239345550537109375000000000,
  0.1831108182668685913085937500000000,
  0.1840784549713134765625000000000000,
  0.1850457340478897094726562500000000,
  0.1860126703977584838867187500000000,
  0.1869792640209197998046875000000000,
  0.1879455000162124633789062500000000,
  0.1889113783836364746093750000000000,
  0.1898769140243530273437500000000000,
  0.1908420771360397338867187500000000,
  0.1918068826198577880859375000000000,
  0.1927713155746459960937500000000000,
  0.1937353909015655517578125000000000,
  0.1946991086006164550781250000000000,
  0.1956624537706375122070312500000000,
  0.1966254413127899169921875000000000,
  0.1975880563259124755859375000000000,
  0.1985502988100051879882812500000000,
  0.1995121538639068603515625000000000,
  0.2004736512899398803710937500000000,
  0.2014347761869430541992187500000000,
  0.2023955136537551879882812500000000,
  0.2033558785915374755859375000000000,
  0.2043158560991287231445312500000000,
  0.2052754610776901245117187500000000,
  0.2062346786260604858398437500000000,
  0.2071935087442398071289062500000000,
  0.2081519514322280883789062500000000,
  0.2091100215911865234375000000000000,
  0.2100676894187927246093750000000000,
  0.2110249698162078857421875000000000,
  0.2119818478822708129882812500000000,
  0.2129383385181427001953125000000000,
  0.2138944417238235473632812500000000,
  0.2148501574993133544921875000000000,
  0.2158054560422897338867187500000000,
  0.2167603522539138793945312500000000,
  0.2177148461341857910156250000000000,
  0.2186689525842666625976562500000000,
  0.2196226418018341064453125000000000,
  0.2205759286880493164062500000000000,
  0.2215287983417510986328125000000000,
  0.2224812805652618408203125000000000,
  0.2234333306550979614257812500000000,
  0.2243849784135818481445312500000000,
  0.2253362238407135009765625000000000,
  0.2262870371341705322265625000000000,
  0.2272374331951141357421875000000000,
  0.2281874269247055053710937500000000,
  0.2291369885206222534179687500000000,
  0.2300861477851867675781250000000000,
  0.2310348600149154663085937500000000,
  0.2319831699132919311523437500000000,
  0.2329310476779937744140625000000000,
  0.2338784933090209960937500000000000,
  0.2348255217075347900390625000000000,
  0.2357721179723739624023437500000000,
  0.2367182821035385131835937500000000,
  0.2376640141010284423828125000000000,
  0.2386093139648437500000000000000000,
  0.2395541965961456298828125000000000,
  0.2404986172914505004882812500000000,
  0.2414426058530807495117187500000000,
  0.2423861622810363769531250000000000,
  0.2433292716741561889648437500000000,
  0.2442719489336013793945312500000000,
  0.2452141791582107543945312500000000,
  0.2461559623479843139648437500000000,
  0.2470972985029220581054687500000000,
  0.2480381876230239868164062500000000,
  0.2489786446094512939453125000000000,
  0.2499186396598815917968750000000000,
  0.2508581876754760742187500000000000,
  0.2517972588539123535156250000000000,
  0.2527359127998352050781250000000000,
  0.2536740899085998535156250000000000,
  0.2546118199825286865234375000000000,
  0.2555490732192993164062500000000000,
  0.2564859092235565185546875000000000,
  0.2574222385883331298828125000000000,
  0.2583581507205963134765625000000000,
  0.2592935562133789062500000000000000,
  0.2602285146713256835937500000000000,
  0.2611630260944366455078125000000000,
  0.2620970606803894042968750000000000,
  0.2630306184291839599609375000000000,
  0.2639636993408203125000000000000000,
  0.2648963332176208496093750000000000,
  0.2658284902572631835937500000000000,
  0.2667601704597473144531250000000000,
  0.2676913738250732421875000000000000,
  0.2686221003532409667968750000000000,
  0.2695523500442504882812500000000000,
  0.2704821228981018066406250000000000,
  0.2714114189147949218750000000000000,
  0.2723402380943298339843750000000000,
  0.2732685804367065429687500000000000,
  0.2741964161396026611328125000000000,
  0.2751238048076629638671875000000000,
  0.2760506868362426757812500000000000,
  0.2769770920276641845703125000000000,
  0.2779029905796051025390625000000000,
  0.2788284122943878173828125000000000,
  0.2797533571720123291015625000000000,
  0.2806777954101562500000000000000000,
  0.2816017270088195800781250000000000,
  0.2825251817703247070312500000000000,
  0.2834481298923492431640625000000000,
  0.2843706011772155761718750000000000,
  0.2852925658226013183593750000000000,
  0.2862140238285064697265625000000000,
  0.2871349751949310302734375000000000,
  0.2880554497241973876953125000000000,
  0.2889754176139831542968750000000000,
  0.2898948788642883300781250000000000,
  0.2908138334751129150390625000000000,
  0.2917322814464569091796875000000000,
  0.2926502227783203125000000000000000,
  0.2935676574707031250000000000000000,
  0.2944845855236053466796875000000000,
  0.2954010069370269775390625000000000,
  0.2963169217109680175781250000000000,
  0.2972323000431060791015625000000000,
  0.2981472015380859375000000000000000,
  0.2990615665912628173828125000000000,
  0.2999753952026367187500000000000000,
  0.3008887469768524169921875000000000,
  0.3018015623092651367187500000000000,
  0.3027138710021972656250000000000000,
  0.3036256432533264160156250000000000,
  0.3045369088649749755859375000000000,
  0.3054476380348205566406250000000000,
  0.3063578605651855468750000000000000,
  0.3072675466537475585937500000000000,
  0.3081767261028289794921875000000000,
  0.3090853691101074218750000000000000,
  0.3099934756755828857421875000000000,
  0.3109010457992553710937500000000000,
  0.3118081092834472656250000000000000,
  0.3127146363258361816406250000000000,
  0.3136206269264221191406250000000000,
  0.3145261108875274658203125000000000,
  0.3154310286045074462890625000000000,
  0.3163354396820068359375000000000000,
  0.3172392845153808593750000000000000,
  0.3181426227092742919921875000000000,
  0.3190453946590423583984375000000000,
  0.3199476599693298339843750000000000,
  0.3208493590354919433593750000000000,
  0.3217505514621734619140625000000000,
  0.3226511776447296142578125000000000,
  0.3235512673854827880859375000000000,
  0.3244508206844329833984375000000000,
  0.3253498375415802001953125000000000,
  0.3262482881546020507812500000000000,
  0.3271462023258209228515625000000000,
  0.3280435502529144287109375000000000,
  0.3289403617382049560546875000000000,
  0.3298366367816925048828125000000000,
  0.3307323455810546875000000000000000,
  0.3316275179386138916015625000000000,
  0.3325221240520477294921875000000000,
  0.3334161937236785888671875000000000,
  0.3343096971511840820312500000000000,
  0.3352026641368865966796875000000000,
  0.3360950648784637451171875000000000,
  0.3369868993759155273437500000000000,
  0.3378781974315643310546875000000000,
  0.3387689292430877685546875000000000,
  0.3396590948104858398437500000000000,
  0.3405486941337585449218750000000000,
  0.3414377570152282714843750000000000,
  0.3423262238502502441406250000000000,
  0.3432141542434692382812500000000000,
  0.3441015183925628662109375000000000,
  0.3449883162975311279296875000000000,
  0.3458745479583740234375000000000000,
  0.3467602133750915527343750000000000,
  0.3476453125476837158203125000000000,
  0.3485298454761505126953125000000000,
  0.3494138121604919433593750000000000,
  0.3502972126007080078125000000000000,
  0.3511800467967987060546875000000000,
  0.3520623147487640380859375000000000,
  0.3529439866542816162109375000000000,
  0.3538250923156738281250000000000000,
  0.3547056317329406738281250000000000,
  0.3555856049060821533203125000000000,
  0.3564649820327758789062500000000000,
  0.3573438227176666259765625000000000,
  0.3582220375537872314453125000000000,
  0.3590997159481048583984375000000000,
  0.3599767982959747314453125000000000,
  0.3608533143997192382812500000000000,
  0.3617292344570159912109375000000000,
  0.3626045584678649902343750000000000,
  0.3634793460369110107421875000000000,
  0.3643535077571868896484375000000000,
  0.3652271032333374023437500000000000,
  0.3661001324653625488281250000000000,
  0.3669725954532623291015625000000000,
  0.3678444325923919677734375000000000,
  0.3687157034873962402343750000000000,
  0.3695863783359527587890625000000000,
  0.3704564571380615234375000000000000,
  0.3713259696960449218750000000000000,
  0.3721948862075805664062500000000000,
  0.3730632066726684570312500000000000,
  0.3739309310913085937500000000000000,
  0.3747980892658233642578125000000000,
  0.3756646513938903808593750000000000,
  0.3765305876731872558593750000000000,
  0.3773959577083587646484375000000000,
  0.3782607316970825195312500000000000,
  0.3791249394416809082031250000000000,
  0.3799885213375091552734375000000000,
  0.3808515071868896484375000000000000,
  0.3817138969898223876953125000000000,
  0.3825756907463073730468750000000000,
  0.3834368884563446044921875000000000,
  0.3842974901199340820312500000000000,
  0.3851574957370758056640625000000000,
  0.3860169053077697753906250000000000,
  0.3868757188320159912109375000000000,
  0.3877339065074920654296875000000000,
  0.3885915279388427734375000000000000,
  0.3894485235214233398437500000000000,
  0.3903049230575561523437500000000000,
  0.3911607265472412109375000000000000,
  0.3920159041881561279296875000000000,
  0.3928704857826232910156250000000000,
  0.3937244713306427001953125000000000,
  0.3945778608322143554687500000000000,
  0.3954306244850158691406250000000000,
  0.3962827920913696289062500000000000,
  0.3971343636512756347656250000000000,
  0.3979853093624114990234375000000000,
  0.3988356590270996093750000000000000,
  0.3996853828430175781250000000000000,
  0.4005345106124877929687500000000000,
  0.4013830125331878662109375000000000,
  0.4022309184074401855468750000000000,
  0.4030781984329223632812500000000000,
  0.4039248824119567871093750000000000,
  0.4047709703445434570312500000000000,
  0.4056164026260375976562500000000000,
  0.4064612388610839843750000000000000,
  0.4073054790496826171875000000000000,
  0.4081490933895111083984375000000000,
  0.4089920818805694580078125000000000,
  0.4098344743251800537109375000000000,
  0.4106762409210205078125000000000000,
  0.4115174114704132080078125000000000,
  0.4123579263687133789062500000000000,
  0.4131978452205657958984375000000000,
  0.4140371382236480712890625000000000,
  0.4148758053779602050781250000000000,
  0.4157138764858245849609375000000000,
  0.4165513217449188232421875000000000,
  0.4173881411552429199218750000000000,
  0.4182243347167968750000000000000000,
  0.4190599024295806884765625000000000,
  0.4198948740959167480468750000000000,
  0.4207291901111602783203125000000000,
  0.4215629100799560546875000000000000,
  0.4223960041999816894531250000000000,
  0.4232284426689147949218750000000000,
  0.4240602850914001464843750000000000,
  0.4248915016651153564453125000000000,
  0.4257220923900604248046875000000000,
  0.4265520572662353515625000000000000,
  0.4273814260959625244140625000000000,
  0.4282101392745971679687500000000000,
  0.4290382266044616699218750000000000,
  0.4298656582832336425781250000000000,
  0.4306924939155578613281250000000000,
  0.4315187036991119384765625000000000,
  0.4323442876338958740234375000000000,
  0.4331692457199096679687500000000000,
  0.4339935481548309326171875000000000,
  0.4348172545433044433593750000000000,
  0.4356403052806854248046875000000000,
  0.4364627301692962646484375000000000,
  0.4372845292091369628906250000000000,
  0.4381057024002075195312500000000000,
  0.4389262497425079345703125000000000,
  0.4397461414337158203125000000000000,
  0.4405654370784759521484375000000000,
  0.4413840770721435546875000000000000,
  0.4422020912170410156250000000000000,
  0.4430194497108459472656250000000000,
  0.4438362121582031250000000000000000,
  0.4446523189544677734375000000000000,
  0.4454677700996398925781250000000000,
  0.4462826251983642578125000000000000,
  0.4470968246459960937500000000000000,
  0.4479103982448577880859375000000000,
  0.4487233161926269531250000000000000,
  0.4495356380939483642578125000000000,
  0.4503473043441772460937500000000000,
  0.4511583149433135986328125000000000,
  0.4519686996936798095703125000000000,
  0.4527784585952758789062500000000000,
  0.4535875916481018066406250000000000,
  0.4543960690498352050781250000000000,
  0.4552039206027984619140625000000000,
  0.4560111165046691894531250000000000,
  0.4568176567554473876953125000000000,
  0.4576236009597778320312500000000000,
  0.4584288597106933593750000000000000,
  0.4592335224151611328125000000000000,
  0.4600375294685363769531250000000000,
  0.4608408808708190917968750000000000,
  0.4616436064243316650390625000000000,
  0.4624456763267517089843750000000000,
  0.4632471203804016113281250000000000,
  0.4640479385852813720703125000000000,
  0.4648481011390686035156250000000000,
  0.4656476080417633056640625000000000,
  0.4664464890956878662109375000000000,
  0.4672447144985198974609375000000000,
  0.4680423140525817871093750000000000,
  0.4688392579555511474609375000000000,
  0.4696355462074279785156250000000000,
  0.4704312086105346679687500000000000,
  0.4712262451648712158203125000000000,
  0.4720206260681152343750000000000000,
  0.4728143513202667236328125000000000,
  0.4736074209213256835937500000000000,
  0.4743998646736145019531250000000000,
  0.4751916825771331787109375000000000,
  0.4759828448295593261718750000000000,
  0.4767733514308929443359375000000000,
  0.4775632023811340332031250000000000,
  0.4783524274826049804687500000000000,
  0.4791409969329833984375000000000000,
  0.4799289107322692871093750000000000,
  0.4807161986827850341796875000000000,
  0.4815028309822082519531250000000000,
  0.4822888374328613281250000000000000,
  0.4830741882324218750000000000000000,
  0.4838588833808898925781250000000000,
  0.4846429228782653808593750000000000,
  0.4854263365268707275390625000000000,
  0.4862090945243835449218750000000000,
  0.4869911968708038330078125000000000,
  0.4877726733684539794921875000000000,
  0.4885534644126892089843750000000000,
  0.4893336296081542968750000000000000,
  0.4901131689548492431640625000000000,
  0.4908920228481292724609375000000000,
  0.4916702508926391601562500000000000,
  0.4924478232860565185546875000000000,
  0.4932247698307037353515625000000000,
  0.4940010309219360351562500000000000,
  0.4947766661643981933593750000000000,
  0.4955516457557678222656250000000000,
  0.4963259994983673095703125000000000,
  0.4970996677875518798828125000000000,
  0.4978727102279663085937500000000000,
  0.4986450970172882080078125000000000,
  0.4994168281555175781250000000000000,
  0.5001879334449768066406250000000000,
  0.5009583830833435058593750000000000,
  0.5017281770706176757812500000000000,
  0.5024973154067993164062500000000000,
  0.5032657980918884277343750000000000,
  0.5040336251258850097656250000000000,
  0.5048007965087890625000000000000000,
  0.5055673718452453613281250000000000,
  0.5063332319259643554687500000000000,
  0.5070984959602355957031250000000000,
  0.5078630447387695312500000000000000,
  0.5086269974708557128906250000000000,
  0.5093902945518493652343750000000000,
  0.5101529359817504882812500000000000,
  0.5109149217605590820312500000000000,
  0.5116762518882751464843750000000000,
  0.5124369859695434570312500000000000,
  0.5131970047950744628906250000000000,
  0.5139564275741577148437500000000000,
  0.5147151350975036621093750000000000,
  0.5154732465744018554687500000000000,
  0.5162307024002075195312500000000000,
  0.5169874429702758789062500000000000,
  0.5177435874938964843750000000000000,
  0.5184990763664245605468750000000000,
  0.5192539095878601074218750000000000,
  0.5200080871582031250000000000000000,
  0.5207616090774536132812500000000000,
  0.5215145349502563476562500000000000,
  0.5222667455673217773437500000000000,
  0.5230183005332946777343750000000000,
  0.5237692594528198242187500000000000,
  0.5245195031166076660156250000000000,
  0.5252691507339477539062500000000000,
  0.5260181427001953125000000000000000,
  0.5267664194107055664062500000000000,
  0.5275141000747680664062500000000000,
  0.5282611846923828125000000000000000,
  0.5290075540542602539062500000000000,
  0.5297532677650451660156250000000000,
  0.5304983258247375488281250000000000,
  0.5312427282333374023437500000000000,
  0.5319864749908447265625000000000000,
  0.5327296257019042968750000000000000,
  0.5334720611572265625000000000000000,
  0.5342139005661010742187500000000000,
  0.5349550843238830566406250000000000,
  0.5356956124305725097656250000000000,
  0.5364354848861694335937500000000000,
  0.5371747016906738281250000000000000,
  0.5379132628440856933593750000000000,
  0.5386511683464050292968750000000000,
  0.5393884181976318359375000000000000,
  0.5401250123977661132812500000000000,
  0.5408610105514526367187500000000000,
  0.5415962934494018554687500000000000,
  0.5423309803009033203125000000000000,
  0.5430650115013122558593750000000000,
  0.5437983274459838867187500000000000,
  0.5445311069488525390625000000000000,
  0.5452631711959838867187500000000000,
  0.5459945201873779296875000000000000,
  0.5467253327369689941406250000000000,
  0.5474554300308227539062500000000000,
  0.5481849312782287597656250000000000,
  0.5489137172698974609375000000000000,
  0.5496419072151184082031250000000000,
  0.5503693819046020507812500000000000,
  0.5510963201522827148437500000000000,
  0.5518224835395812988281250000000000,
  0.5525480508804321289062500000000000,
  0.5532730221748352050781250000000000,
  0.5539972782135009765625000000000000,
  0.5547208786010742187500000000000000,
  0.5554438829421997070312500000000000,
  0.5561662316322326660156250000000000,
  0.5568879246711730957031250000000000,
  0.5576089620590209960937500000000000,
  0.5583293437957763671875000000000000,
  0.5590490698814392089843750000000000,
  0.5597681403160095214843750000000000,
  0.5604866147041320800781250000000000,
  0.5612043738365173339843750000000000,
  0.5619215369224548339843750000000000,
  0.5626380443572998046875000000000000,
  0.5633538961410522460937500000000000,
  0.5640690922737121582031250000000000,
  0.5647836923599243164062500000000000,
  0.5654975771903991699218750000000000,
  0.5662108659744262695312500000000000,
  0.5669234991073608398437500000000000,
  0.5676354765892028808593750000000000,
  0.5683467984199523925781250000000000,
  0.5690574645996093750000000000000000,
  0.5697675347328186035156250000000000,
  0.5704768896102905273437500000000000,
  0.5711857080459594726562500000000000,
  0.5718938112258911132812500000000000,
  0.5726011991500854492187500000000000,
  0.5733080506324768066406250000000000,
  0.5740142464637756347656250000000000,
  0.5747197270393371582031250000000000,
  0.5754246115684509277343750000000000,
  0.5761288404464721679687500000000000,
  0.5768324732780456542968750000000000,
  0.5775353908538818359375000000000000,
  0.5782377123832702636718750000000000,
  0.5789393782615661621093750000000000,
  0.5796403884887695312500000000000000,
  0.5803408026695251464843750000000000,
  0.5810405015945434570312500000000000,
  0.5817396044731140136718750000000000,
  0.5824380517005920410156250000000000,
  0.5831358432769775390625000000000000,
  0.5838330388069152832031250000000000,
  0.5845295786857604980468750000000000,
  0.5852254629135131835937500000000000,
  0.5859206914901733398437500000000000,
  0.5866152644157409667968750000000000,
  0.5873092412948608398437500000000000,
  0.5880026221275329589843750000000000,
  0.5886952877044677734375000000000000,
  0.5893872976303100585937500000000000,
  0.5900787115097045898437500000000000,
  0.5907695293426513671875000000000000,
  0.5914596319198608398437500000000000,
  0.5921491384506225585937500000000000,
  0.5928379297256469726562500000000000,
  0.5935261249542236328125000000000000,
  0.5942137241363525390625000000000000,
  0.5949006080627441406250000000000000,
  0.5955869555473327636718750000000000,
  0.5962725877761840820312500000000000,
  0.5969575643539428710937500000000000,
  0.5976419448852539062500000000000000,
  0.5983257293701171875000000000000000,
  0.5990087985992431640625000000000000,
  0.5996912717819213867187500000000000,
  0.6003730893135070800781250000000000,
  0.6010543107986450195312500000000000,
  0.6017348766326904296875000000000000,
  0.6024147868156433105468750000000000,
  0.6030941009521484375000000000000000,
  0.6037727594375610351562500000000000,
  0.6044507622718811035156250000000000,
  0.6051281094551086425781250000000000,
  0.6058049201965332031250000000000000,
  0.6064809560775756835937500000000000,
  0.6071565151214599609375000000000000,
  0.6078313589096069335937500000000000,
  0.6085055470466613769531250000000000,
  0.6091791391372680664062500000000000,
  0.6098520755767822265625000000000000,
  0.6105244159698486328125000000000000,
  0.6111961007118225097656250000000000,
  0.6118671298027038574218750000000000,
  0.6125375628471374511718750000000000,
  0.6132073402404785156250000000000000,
  0.6138765215873718261718750000000000,
  0.6145450472831726074218750000000000,
  0.6152129173278808593750000000000000,
  0.6158801913261413574218750000000000,
  0.6165468692779541015625000000000000,
  0.6172128319740295410156250000000000,
  0.6178782582283020019531250000000000,
  0.6185430288314819335937500000000000,
  0.6192071437835693359375000000000000,
  0.6198706030845642089843750000000000,
  0.6205334663391113281250000000000000,
  0.6211957335472106933593750000000000,
  0.6218573451042175292968750000000000,
  0.6225183010101318359375000000000000,
  0.6231787204742431640625000000000000,
  0.6238384246826171875000000000000000,
  0.6244975328445434570312500000000000,
  0.6251560449600219726562500000000000,
  0.6258139014244079589843750000000000,
  0.6264711022377014160156250000000000,
  0.6271277666091918945312500000000000,
  0.6277837157249450683593750000000000,
  0.6284390687942504882812500000000000,
  0.6290937662124633789062500000000000,
  0.6297479271888732910156250000000000,
  0.6304013729095458984375000000000000,
  0.6310542821884155273437500000000000,
  0.6317065358161926269531250000000000,
  0.6323581337928771972656250000000000,
  0.6330091357231140136718750000000000,
  0.6336595416069030761718750000000000,
  0.6343092918395996093750000000000000,
  0.6349584460258483886718750000000000,
  0.6356069445610046386718750000000000,
  0.6362548470497131347656250000000000,
  0.6369020938873291015625000000000000,
  0.6375488042831420898437500000000000,
  0.6381947994232177734375000000000000,
  0.6388402581214904785156250000000000,
  0.6394850611686706542968750000000000,
  0.6401292085647583007812500000000000,
  0.6407728195190429687500000000000000,
  0.6414157748222351074218750000000000,
  0.6420580744743347167968750000000000,
  0.6426998376846313476562500000000000,
  0.6433409452438354492187500000000000,
  0.6439813971519470214843750000000000,
  0.6446212530136108398437500000000000,
  0.6452605128288269042968750000000000,
  0.6458991765975952148437500000000000,
  0.6465371847152709960937500000000000,
  0.6471745967864990234375000000000000,
  0.6478114128112792968750000000000000,
  0.6484475731849670410156250000000000,
  0.6490831971168518066406250000000000,
  0.6497181057929992675781250000000000,
  0.6503524780273437500000000000000000,
  0.6509861946105957031250000000000000,
  0.6516193151473999023437500000000000,
  0.6522518396377563476562500000000000,
  0.6528837680816650390625000000000000,
  0.6535150408744812011718750000000000,
  0.6541457176208496093750000000000000,
  0.6547757983207702636718750000000000,
  0.6554053425788879394531250000000000,
  0.6560341715812683105468750000000000,
  0.6566624045372009277343750000000000,
  0.6572901010513305664062500000000000,
  0.6579170823097229003906250000000000,
  0.6585435271263122558593750000000000,
  0.6591693162918090820312500000000000,
  0.6597945690155029296875000000000000,
  0.6604191660881042480468750000000000,
  0.6610431671142578125000000000000000,
  0.6616665720939636230468750000000000,
  0.6622893810272216796875000000000000,
  0.6629115343093872070312500000000000,
  0.6635331511497497558593750000000000,
  0.6641541123390197753906250000000000,
  0.6647744774818420410156250000000000,
  0.6653943061828613281250000000000000,
  0.6660134792327880859375000000000000,
  0.6666320562362670898437500000000000,
  0.6672499775886535644531250000000000,
  0.6678673624992370605468750000000000,
  0.6684840917587280273437500000000000,
  0.6691002845764160156250000000000000,
  0.6697158813476562500000000000000000,
  0.6703308224678039550781250000000000,
  0.6709451675415039062500000000000000,
  0.6715589761734008789062500000000000,
  0.6721721291542053222656250000000000,
  0.6727846860885620117187500000000000,
  0.6733967065811157226562500000000000,
  0.6740080714225769042968750000000000,
  0.6746188402175903320312500000000000,
  0.6752290725708007812500000000000000,
  0.6758386492729187011718750000000000,
  0.6764476299285888671875000000000000,
  0.6770560145378112792968750000000000,
  0.6776638627052307128906250000000000,
  0.6782710552215576171875000000000000,
  0.6788776516914367675781250000000000,
  0.6794837117195129394531250000000000,
  0.6800891160964965820312500000000000,
  0.6806939840316772460937500000000000,
  0.6812982559204101562500000000000000,
  0.6819018721580505371093750000000000,
  0.6825049519538879394531250000000000,
  0.6831074357032775878906250000000000,
  0.6837093234062194824218750000000000,
  0.6843106150627136230468750000000000,
  0.6849113106727600097656250000000000,
  0.6855114102363586425781250000000000,
  0.6861109733581542968750000000000000,
  0.6867098808288574218750000000000000,
  0.6873082518577575683593750000000000,
  0.6879060268402099609375000000000000,
  0.6885032057762145996093750000000000,
  0.6890997886657714843750000000000000,
  0.6896957755088806152343750000000000,
  0.6902912259101867675781250000000000,
  0.6908860802650451660156250000000000,
  0.6914802789688110351562500000000000,
  0.6920739412307739257812500000000000,
  0.6926670670509338378906250000000000,
  0.6932595372200012207031250000000000,
  0.6938514709472656250000000000000000,
  0.6944428086280822753906250000000000,
  0.6950335502624511718750000000000000,
  0.6956237554550170898437500000000000,
  0.6962133646011352539062500000000000,
  0.6968023777008056640625000000000000,
  0.6973907947540283203125000000000000,
  0.6979786157608032226562500000000000,
  0.6985659003257751464843750000000000,
  0.6991525888442993164062500000000000,
  0.6997387409210205078125000000000000,
  0.7003242373466491699218750000000000,
  0.7009091973304748535156250000000000,
  0.7014936208724975585937500000000000,
  0.7020773887634277343750000000000000,
  0.7026606202125549316406250000000000,
  0.7032432556152343750000000000000000,
  0.7038253545761108398437500000000000,
  0.7044068574905395507812500000000000,
  0.7049878239631652832031250000000000,
  0.7055681347846984863281250000000000,
  0.7061479687690734863281250000000000,
  0.7067271471023559570312500000000000,
  0.7073057889938354492187500000000000,
  0.7078838348388671875000000000000000,
  0.7084613442420959472656250000000000,
  0.7090382575988769531250000000000000,
  0.7096146345138549804687500000000000,
  0.7101904153823852539062500000000000,
  0.7107656598091125488281250000000000,
  0.7113403081893920898437500000000000,
  0.7119143605232238769531250000000000,
  0.7124878764152526855468750000000000,
  0.7130607962608337402343750000000000,
  0.7136331796646118164062500000000000,
  0.7142050266265869140625000000000000,
  0.7147762179374694824218750000000000,
  0.7153469324111938476562500000000000,
  0.7159169912338256835937500000000000,
  0.7164865732192993164062500000000000,
  0.7170555591583251953125000000000000,
  0.7176240086555480957031250000000000,
  0.7181918621063232421875000000000000,
  0.7187591195106506347656250000000000,
  0.7193258404731750488281250000000000,
  0.7198920249938964843750000000000000,
  0.7204576134681701660156250000000000,
  0.7210226655006408691406250000000000,
  0.7215871810913085937500000000000000,
  0.7221511006355285644531250000000000,
  0.7227144241333007812500000000000000,
  0.7232772707939147949218750000000000,
  0.7238395214080810546875000000000000,
  0.7244011759757995605468750000000000,
  0.7249622941017150878906250000000000,
  0.7255228757858276367187500000000000,
  0.7260829210281372070312500000000000,
  0.7266423702239990234375000000000000,
  0.7272012233734130859375000000000000,
  0.7277595996856689453125000000000000,
  0.7283173799514770507812500000000000,
  0.7288746237754821777343750000000000,
  0.7294313311576843261718750000000000,
  0.7299874424934387207031250000000000,
  0.7305430173873901367187500000000000,
  0.7310980558395385742187500000000000,
  0.7316524982452392578125000000000000,
  0.7322064042091369628906250000000000,
  0.7327597737312316894531250000000000,
  0.7333126068115234375000000000000000,
  0.7338649034500122070312500000000000,
  0.7344166040420532226562500000000000,
  0.7349677681922912597656250000000000,
  0.7355183959007263183593750000000000,
  0.7360684871673583984375000000000000,
  0.7366179823875427246093750000000000,
  0.7371670007705688476562500000000000,
  0.7377154231071472167968750000000000,
  0.7382633090019226074218750000000000,
  0.7388105988502502441406250000000000,
  0.7393574118614196777343750000000000,
  0.7399036884307861328125000000000000,
  0.7404493689537048339843750000000000,
  0.7409945130348205566406250000000000,
  0.7415391802787780761718750000000000,
  0.7420832514762878417968750000000000,
  0.7426267862319946289062500000000000,
  0.7431697845458984375000000000000000,
  0.7437121868133544921875000000000000,
  0.7442541122436523437500000000000000,
  0.7447955012321472167968750000000000,
  0.7453362941741943359375000000000000,
  0.7458766102790832519531250000000000,
  0.7464163303375244140625000000000000,
  0.7469555735588073730468750000000000,
  0.7474942207336425781250000000000000,
  0.7480323910713195800781250000000000,
  0.7485699653625488281250000000000000,
  0.7491070628166198730468750000000000,
  0.7496435642242431640625000000000000,
  0.7501795887947082519531250000000000,
  0.7507150173187255859375000000000000,
  0.7512499690055847167968750000000000,
  0.7517843246459960937500000000000000,
  0.7523182034492492675781250000000000,
  0.7528514862060546875000000000000000,
  0.7533842921257019042968750000000000,
  0.7539165616035461425781250000000000,
  0.7544482946395874023437500000000000,
  0.7549794912338256835937500000000000,
  0.7555101513862609863281250000000000,
  0.7560402750968933105468750000000000,
  0.7565698623657226562500000000000000,
  0.7570989727973937988281250000000000,
  0.7576274871826171875000000000000000,
  0.7581555247306823730468750000000000,
  0.7586830258369445800781250000000000,
  0.7592099905014038085937500000000000,
  0.7597364187240600585937500000000000,
  0.7602623701095581054687500000000000,
  0.7607877254486083984375000000000000,
  0.7613126039505004882812500000000000,
  0.7618369460105895996093750000000000,
  0.7623607516288757324218750000000000,
  0.7628840208053588867187500000000000,
  0.7634068131446838378906250000000000,
  0.7639290690422058105468750000000000,
  0.7644507884979248046875000000000000,
  0.7649719715118408203125000000000000,
  0.7654926776885986328125000000000000,
  0.7660127878189086914062500000000000,
  0.7665324807167053222656250000000000,
  0.7670515775680541992187500000000000,
  0.7675701975822448730468750000000000,
  0.7680882811546325683593750000000000,
  0.7686058282852172851562500000000000,
  0.7691228985786437988281250000000000,
  0.7696394324302673339843750000000000,
  0.7701554298400878906250000000000000,
  0.7706708908081054687500000000000000,
  0.7711858749389648437500000000000000,
  0.7717003822326660156250000000000000,
  0.7722143530845642089843750000000000,
  0.7727277874946594238281250000000000,
  0.7732406854629516601562500000000000,
  0.7737531065940856933593750000000000,
  0.7742650508880615234375000000000000,
  0.7747763991355895996093750000000000,
  0.7752872705459594726562500000000000,
  0.7757976651191711425781250000000000,
  0.7763075232505798339843750000000000,
  0.7768168449401855468750000000000000,
  0.7773256897926330566406250000000000,
  0.7778339982032775878906250000000000,
  0.7783418297767639160156250000000000,
  0.7788491249084472656250000000000000,
  0.7793559432029724121093750000000000,
  0.7798622250556945800781250000000000,
  0.7803680300712585449218750000000000,
  0.7808732986450195312500000000000000,
  0.7813780903816223144531250000000000,
  0.7818823456764221191406250000000000,
  0.7823861241340637207031250000000000,
  0.7828893661499023437500000000000000,
  0.7833921313285827636718750000000000,
  0.7838944196701049804687500000000000,
  0.7843961715698242187500000000000000,
  0.7848973870277404785156250000000000,
  0.7853981852531433105468750000000000,
]
