[
  0.0000000000000000000000000000000000,
  0.0015723680844530463218688964843750,
  0.0031447324436157941818237304687500,
  0.0047170887701213359832763671875000,
  0.0062894336879253387451171875000000,
  0.0078617632389068603515625000000000,
  0.0094340732321143150329589843750000,
  0.0110063590109348297119140625000000,
  0.0125786187127232551574707031250000,
  0.0141508467495441436767578125000000,
  0.0157230403274297714233398437500000,
  0.0172951947897672653198242187500000,
  0.0188673064112663269042968750000000,
  0.0204393714666366577148437500000000,
  0.0220113862305879592895507812500000,
  0.0235833451151847839355468750000000,
  0.0251552462577819824218750000000000,
  0.0267270859330892562866210937500000,
  0.0282988585531711578369140625000000,
  0.0298705622553825378417968750000000,
  0.0314421951770782470703125000000000,
  0.0330137424170970916748046875000000,
  0.0345852151513099670410156250000000,
  0.0361565984785556793212890625000000,
  0.0377278961241245269775390625000000,
  0.0392990969121456146240234375000000,
  0.0408702008426189422607421875000000,
  0.0424412041902542114257812500000000,
  0.0440121032297611236572265625000000,
  0.0455828942358493804931640625000000,
  0.0471535734832286834716796875000000,
  0.0487241297960281372070312500000000,
  0.0502945743501186370849609375000000,
  0.0518648922443389892578125000000000,
  0.0534350760281085968017578125000000,
  0.0550051331520080566406250000000000,
  0.0565750524401664733886718750000000,
  0.0581448338925838470458984375000000,
  0.0597144663333892822265625000000000,
  0.0612839572131633758544921875000000,
  0.0628532990813255310058593750000000,
  0.0644224733114242553710937500000000,
  0.0659914985299110412597656250000000,
  0.0675603598356246948242187500000000,
  0.0691290497779846191406250000000000,
  0.0706975683569908142089843750000000,
  0.0722659155726432800292968750000000,
  0.0738340839743614196777343750000000,
  0.0754020735621452331542968750000000,
  0.0769698694348335266113281250000000,
  0.0785374715924263000488281250000000,
  0.0801048874855041503906250000000000,
  0.0816721096634864807128906250000000,
  0.0832391232252120971679687500000000,
  0.0848059281706809997558593750000000,
  0.0863725244998931884765625000000000,
  0.0879389122128486633300781250000000,
  0.0895050838589668273925781250000000,
  0.0910710245370864868164062500000000,
  0.0926367491483688354492187500000000,
  0.0942022427916526794433593750000000,
  0.0957675054669380187988281250000000,
  0.0973325222730636596679687500000000,
  0.0988973006606101989746093750000000,
  0.1004618406295776367187500000000000,
  0.1020261347293853759765625000000000,
  0.1035901755094528198242187500000000,
  0.1051539480686187744140625000000000,
  0.1067174673080444335937500000000000,
  0.1082807332277297973632812500000000,
  0.1098437234759330749511718750000000,
  0.1114064306020736694335937500000000,
  0.1129688769578933715820312500000000,
  0.1145310401916503906250000000000000,
  0.1160929203033447265625000000000000,
  0.1176545098423957824707031250000000,
  0.1192158162593841552734375000000000,
  0.1207768246531486511230468750000000,
  0.1223375350236892700195312500000000,
  0.1238979324698448181152343750000000,
  0.1254580467939376831054687500000000,
  0.1270178407430648803710937500000000,
  0.1285772919654846191406250000000000,
  0.1301364600658416748046875000000000,
  0.1316953003406524658203125000000000,
  0.1332538127899169921875000000000000,
  0.1348119825124740600585937500000000,
  0.1363698393106460571289062500000000,
  0.1379273533821105957031250000000000,
  0.1394845247268676757812500000000000,
  0.1410413384437561035156250000000000,
  0.1425978094339370727539062500000000,
  0.1441539376974105834960937500000000,
  0.1457097083330154418945312500000000,
  0.1472651064395904541015625000000000,
  0.1488201618194580078125000000000000,
  0.1503748297691345214843750000000000,
  0.1519291400909423828125000000000000,
  0.1534830629825592041015625000000000,
  0.1550365984439849853515625000000000,
  0.1565897762775421142578125000000000,
  0.1581425517797470092773437500000000,
  0.1596949398517608642578125000000000,
  0.1612469255924224853515625000000000,
  0.1627985239028930664062500000000000,
  0.1643497198820114135742187500000000,
  0.1659004986286163330078125000000000,
  0.1674508601427078247070312500000000,
  0.1690008193254470825195312500000000,
  0.1705503761768341064453125000000000,
  0.1720994859933853149414062500000000,
  0.1736481934785842895507812500000000,
  0.1751964539289474487304687500000000,
  0.1767442822456359863281250000000000,
  0.1782916933298110961914062500000000,
  0.1798386424779891967773437500000000,
  0.1813851445913314819335937500000000,
  0.1829311996698379516601562500000000,
  0.1844768077135086059570312500000000,
  0.1860219687223434448242187500000000,
  0.1875666677951812744140625000000000,
  0.1891108900308609008789062500000000,
  0.1906546652317047119140625000000000,
  0.1921979486942291259765625000000000,
  0.1937407553195953369140625000000000,
  0.1952831000089645385742187500000000,
  0.1968249529600143432617187500000000,
  0.1983663141727447509765625000000000,
  0.1999071985483169555664062500000000,
  0.2014475762844085693359375000000000,
  0.2029874622821807861328125000000000,
  0.2045268565416336059570312500000000,
  0.2060657292604446411132812500000000,
  0.2076040804386138916015625000000000,
  0.2091419398784637451171875000000000,
  0.2106792777776718139648437500000000,
  0.2122160941362380981445312500000000,
  0.2137523889541625976562500000000000,
  0.2152881622314453125000000000000000,
  0.2168233841657638549804687500000000,
  0.2183580845594406127929687500000000,
  0.2198922336101531982421875000000000,
  0.2214258462190628051757812500000000,
  0.2229589074850082397460937500000000,
  0.2244914174079895019531250000000000,
  0.2260233759880065917968750000000000,
  0.2275547832250595092773437500000000,
  0.2290856242179870605468750000000000,
  0.2306158840656280517578125000000000,
  0.2321455925703048706054687500000000,
  0.2336747050285339355468750000000000,
  0.2352032512426376342773437500000000,
  0.2367312163114547729492187500000000,
  0.2382586002349853515625000000000000,
  0.2397854030132293701171875000000000,
  0.2413115948438644409179687500000000,
  0.2428372055292129516601562500000000,
  0.2443622052669525146484375000000000,
  0.2458865940570831298828125000000000,
  0.2474104017019271850585937500000000,
  0.2489335834980010986328125000000000,
  0.2504561543464660644531250000000000,
  0.2519780993461608886718750000000000,
  0.2534993886947631835937500000000000,
  0.2550200819969177246093750000000000,
  0.2565401494503021240234375000000000,
  0.2580595910549163818359375000000000,
  0.2595783770084381103515625000000000,
  0.2610965073108673095703125000000000,
  0.2626140415668487548828125000000000,
  0.2641308903694152832031250000000000,
  0.2656470835208892822265625000000000,
  0.2671626210212707519531250000000000,
  0.2686775326728820800781250000000000,
  0.2701917290687561035156250000000000,
  0.2717052996158599853515625000000000,
  0.2732181847095489501953125000000000,
  0.2747303843498229980468750000000000,
  0.2762418985366821289062500000000000,
  0.2777527570724487304687500000000000,
  0.2792629003524780273437500000000000,
  0.2807723581790924072265625000000000,
  0.2822811305522918701171875000000000,
  0.2837891876697540283203125000000000,
  0.2852965891361236572265625000000000,
  0.2868032455444335937500000000000000,
  0.2883092164993286132812500000000000,
  0.2898144423961639404296875000000000,
  0.2913189828395843505859375000000000,
  0.2928227782249450683593750000000000,
  0.2943258881568908691406250000000000,
  0.2958282232284545898437500000000000,
  0.2973298728466033935546875000000000,
  0.2988307476043701171875000000000000,
  0.3003309071063995361328125000000000,
  0.3018303215503692626953125000000000,
  0.3033289909362792968750000000000000,
  0.3048268556594848632812500000000000,
  0.3063240349292755126953125000000000,
  0.3078204393386840820312500000000000,
  0.3093160688877105712890625000000000,
  0.3108109533786773681640625000000000,
  0.3123050630092620849609375000000000,
  0.3137983977794647216796875000000000,
  0.3152909576892852783203125000000000,
  0.3167827427387237548828125000000000,
  0.3182737231254577636718750000000000,
  0.3197639584541320800781250000000000,
  0.3212533593177795410156250000000000,
  0.3227419853210449218750000000000000,
  0.3242298364639282226562500000000000,
  0.3257168531417846679687500000000000,
  0.3272030651569366455078125000000000,
  0.3286884725093841552734375000000000,
  0.3301730453968048095703125000000000,
  0.3316568434238433837890625000000000,
  0.3331398069858551025390625000000000,
  0.3346219360828399658203125000000000,
  0.3361032605171203613281250000000000,
  0.3375837504863739013671875000000000,
  0.3390633761882781982421875000000000,
  0.3405421972274780273437500000000000,
  0.3420201539993286132812500000000000,
  0.3434972763061523437500000000000000,
  0.3449735641479492187500000000000000,
  0.3464489877223968505859375000000000,
  0.3479235470294952392578125000000000,
  0.3493972420692443847656250000000000,
  0.3508700728416442871093750000000000,
  0.3523420393466949462890625000000000,
  0.3538131415843963623046875000000000,
  0.3552833497524261474609375000000000,
  0.3567526936531066894531250000000000,
  0.3582211732864379882812500000000000,
  0.3596887290477752685546875000000000,
  0.3611554205417633056640625000000000,
  0.3626212179660797119140625000000000,
  0.3640861213207244873046875000000000,
  0.3655501306056976318359375000000000,
  0.3670132160186767578125000000000000,
  0.3684754073619842529296875000000000,
  0.3699367046356201171875000000000000,
  0.3713970482349395751953125000000000,
  0.3728564977645874023437500000000000,
  0.3743150234222412109375000000000000,
  0.3757726252079010009765625000000000,
  0.3772293031215667724609375000000000,
  0.3786850273609161376953125000000000,
  0.3801397979259490966796875000000000,
  0.3815936744213104248046875000000000,
  0.3830465972423553466796875000000000,
  0.3844985663890838623046875000000000,
  0.3859495818614959716796875000000000,
  0.3873996436595916748046875000000000,
  0.3888487517833709716796875000000000,
  0.3902969062328338623046875000000000,
  0.3917440772056579589843750000000000,
  0.3931902945041656494140625000000000,
  0.3946355283260345458984375000000000,
  0.3960797786712646484375000000000000,
  0.3975230753421783447265625000000000,
  0.3989653885364532470703125000000000,
  0.4004066884517669677734375000000000,
  0.4018470346927642822265625000000000,
  0.4032863676548004150390625000000000,
  0.4047246575355529785156250000000000,
  0.4061619937419891357421875000000000,
  0.4075983464717864990234375000000000,
  0.4090336561203002929687500000000000,
  0.4104679524898529052734375000000000,
  0.4119012653827667236328125000000000,
  0.4133335351943969726562500000000000,
  0.4147647917270660400390625000000000,
  0.4161950349807739257812500000000000,
  0.4176242351531982421875000000000000,
  0.4190523922443389892578125000000000,
  0.4204795360565185546875000000000000,
  0.4219056367874145507812500000000000,
  0.4233306944370269775390625000000000,
  0.4247546792030334472656250000000000,
  0.4261776506900787353515625000000000,
  0.4275995492935180664062500000000000,
  0.4290203750133514404296875000000000,
  0.4304401576519012451171875000000000,
  0.4318588674068450927734375000000000,
  0.4332765042781829833984375000000000,
  0.4346930980682373046875000000000000,
  0.4361085891723632812500000000000000,
  0.4375230371952056884765625000000000,
  0.4389363825321197509765625000000000,
  0.4403486251831054687500000000000000,
  0.4417597949504852294921875000000000,
  0.4431698918342590332031250000000000,
  0.4445788562297821044921875000000000,
  0.4459867477416992187500000000000000,
  0.4473935365676879882812500000000000,
  0.4487992227077484130859375000000000,
  0.4502037763595581054687500000000000,
  0.4516072273254394531250000000000000,
  0.4530095458030700683593750000000000,
  0.4544107615947723388671875000000000,
  0.4558108448982238769531250000000000,
  0.4572098255157470703125000000000000,
  0.4586076438426971435546875000000000,
  0.4600043594837188720703125000000000,
  0.4613999128341674804687500000000000,
  0.4627943336963653564453125000000000,
  0.4641876220703125000000000000000000,
  0.4655797481536865234375000000000000,
  0.4669707417488098144531250000000000,
  0.4683605730533599853515625000000000,
  0.4697492420673370361328125000000000,
  0.4711367487907409667968750000000000,
  0.4725230932235717773437500000000000,
  0.4739082455635070800781250000000000,
  0.4752922654151916503906250000000000,
  0.4766750633716583251953125000000000,
  0.4780566990375518798828125000000000,
  0.4794372022151947021484375000000000,
  0.4808164834976196289062500000000000,
  0.4821945726871490478515625000000000,
  0.4835714697837829589843750000000000,
  0.4849471747875213623046875000000000,
  0.4863216876983642578125000000000000,
  0.4876949787139892578125000000000000,
  0.4890670478343963623046875000000000,
  0.4904379248619079589843750000000000,
  0.4918076097965240478515625000000000,
  0.4931760728359222412109375000000000,
  0.4945433139801025390625000000000000,
  0.4959093332290649414062500000000000,
  0.4972741305828094482421875000000000,
  0.4986376762390136718750000000000000,
  0.5000000000000000000000000000000000,
  0.5013611316680908203125000000000000,
  0.5027209520339965820312500000000000,
  0.5040795803070068359375000000000000,
  0.5054369568824768066406250000000000,
  0.5067930817604064941406250000000000,
  0.5081478953361511230468750000000000,
  0.5095015168190002441406250000000000,
  0.5108538866043090820312500000000000,
  0.5122049450874328613281250000000000,
  0.5135547518730163574218750000000000,
  0.5149033069610595703125000000000000,
  0.5162506103515625000000000000000000,
  0.5175966024398803710937500000000000,
  0.5189412832260131835937500000000000,
  0.5202847719192504882812500000000000,
  0.5216268897056579589843750000000000,
  0.5229677557945251464843750000000000,
  0.5243073105812072753906250000000000,
  0.5256456136703491210937500000000000,
  0.5269825458526611328125000000000000,
  0.5283182263374328613281250000000000,
  0.5296525955200195312500000000000000,
  0.5309856534004211425781250000000000,
  0.5323173999786376953125000000000000,
  0.5336478352546691894531250000000000,
  0.5349768400192260742187500000000000,
  0.5363046526908874511718750000000000,
  0.5376310944557189941406250000000000,
  0.5389562249183654785156250000000000,
  0.5402800440788269042968750000000000,
  0.5416024923324584960937500000000000,
  0.5429235696792602539062500000000000,
  0.5442433953285217285156250000000000,
  0.5455617904663085937500000000000000,
  0.5468788743019104003906250000000000,
  0.5481946468353271484375000000000000,
  0.5495089888572692871093750000000000,
  0.5508220195770263671875000000000000,
  0.5521336793899536132812500000000000,
  0.5534439682960510253906250000000000,
  0.5547528862953186035156250000000000,
  0.5560604333877563476562500000000000,
  0.5573666095733642578125000000000000,
  0.5586714148521423339843750000000000,
  0.5599747896194458007812500000000000,
  0.5612768530845642089843750000000000,
  0.5625774860382080078125000000000000,
  0.5638767480850219726562500000000000,
  0.5651745796203613281250000000000000,
  0.5664710402488708496093750000000000,
  0.5677661299705505371093750000000000,
  0.5690597891807556152343750000000000,
  0.5703520178794860839843750000000000,
  0.5716428756713867187500000000000000,
  0.5729323029518127441406250000000000,
  0.5742202997207641601562500000000000,
  0.5755069255828857421875000000000000,
  0.5767920613288879394531250000000000,
  0.5780758261680603027343750000000000,
  0.5793581008911132812500000000000000,
  0.5806389451026916503906250000000000,
  0.5819184184074401855468750000000000,
  0.5831964015960693359375000000000000,
  0.5844729542732238769531250000000000,
  0.5857480764389038085937500000000000,
  0.5870217680931091308593750000000000,
  0.5882939696311950683593750000000000,
  0.5895647406578063964843750000000000,
  0.5908340811729431152343750000000000,
  0.5921018719673156738281250000000000,
  0.5933682918548583984375000000000000,
  0.5946332216262817382812500000000000,
  0.5958966612815856933593750000000000,
  0.5971586108207702636718750000000000,
  0.5984191298484802246093750000000000,
  0.5996781587600708007812500000000000,
  0.6009356379508972167968750000000000,
  0.6021916866302490234375000000000000,
  0.6034462451934814453125000000000000,
  0.6046993136405944824218750000000000,
  0.6059508919715881347656250000000000,
  0.6072009801864624023437500000000000,
  0.6084495782852172851562500000000000,
  0.6096966266632080078125000000000000,
  0.6109421849250793457031250000000000,
  0.6121862530708312988281250000000000,
  0.6134287714958190917968750000000000,
  0.6146697998046875000000000000000000,
  0.6159092783927917480468750000000000,
  0.6171472668647766113281250000000000,
  0.6183837056159973144531250000000000,
  0.6196186542510986328125000000000000,
  0.6208520531654357910156250000000000,
  0.6220838427543640136718750000000000,
  0.6233142018318176269531250000000000,
  0.6245429515838623046875000000000000,
  0.6257702112197875976562500000000000,
  0.6269958615303039550781250000000000,
  0.6282200217247009277343750000000000,
  0.6294425725936889648437500000000000,
  0.6306636333465576171875000000000000,
  0.6318830847740173339843750000000000,
  0.6331009864807128906250000000000000,
  0.6343173384666442871093750000000000,
  0.6355320811271667480468750000000000,
  0.6367453336715698242187500000000000,
  0.6379569172859191894531250000000000,
  0.6391670107841491699218750000000000,
  0.6403754353523254394531250000000000,
  0.6415823698043823242187500000000000,
  0.6427876353263854980468750000000000,
  0.6439913511276245117187500000000000,
  0.6451934576034545898437500000000000,
  0.6463940143585205078125000000000000,
  0.6475929021835327148437500000000000,
  0.6487902402877807617187500000000000,
  0.6499859690666198730468750000000000,
  0.6511800885200500488281250000000000,
  0.6523725986480712890625000000000000,
  0.6535634994506835937500000000000000,
  0.6547527313232421875000000000000000,
  0.6559404134750366210937500000000000,
  0.6571264266967773437500000000000000,
  0.6583108305931091308593750000000000,
  0.6594936251640319824218750000000000,
  0.6606747508049011230468750000000000,
  0.6618542671203613281250000000000000,
  0.6630321145057678222656250000000000,
  0.6642083525657653808593750000000000,
  0.6653829813003540039062500000000000,
  0.6665559411048889160156250000000000,
  0.6677272319793701171875000000000000,
  0.6688969135284423828125000000000000,
  0.6700648665428161621093750000000000,
  0.6712312102317810058593750000000000,
  0.6723959445953369140625000000000000,
  0.6735589504241943359375000000000000,
  0.6747202873229980468750000000000000,
  0.6758800148963928222656250000000000,
  0.6770380139350891113281250000000000,
  0.6781943440437316894531250000000000,
  0.6793490052223205566406250000000000,
  0.6805019974708557128906250000000000,
  0.6816533207893371582031250000000000,
  0.6828029751777648925781250000000000,
  0.6839509010314941406250000000000000,
  0.6850970983505249023437500000000000,
  0.6862416863441467285156250000000000,
  0.6873845458030700683593750000000000,
  0.6885256767272949218750000000000000,
  0.6896651387214660644531250000000000,
  0.6908028721809387207031250000000000,
  0.6919389367103576660156250000000000,
  0.6930732131004333496093750000000000,
  0.6942058205604553222656250000000000,
  0.6953367590904235839843750000000000,
  0.6964659094810485839843750000000000,
  0.6975933909416198730468750000000000,
  0.6987190842628479003906250000000000,
  0.6998431086540222167968750000000000,
  0.7009654045104980468750000000000000,
  0.7020859122276306152343750000000000,
  0.7032046914100646972656250000000000,
  0.7043217420578002929687500000000000,
  0.7054370641708374023437500000000000,
  0.7065506577491760253906250000000000,
  0.7076625227928161621093750000000000,
  0.7087725996971130371093750000000000,
  0.7098808884620666503906250000000000,
  0.7109875082969665527343750000000000,
  0.7120922803878784179687500000000000,
  0.7131953835487365722656250000000000,
  0.7142966389656066894531250000000000,
  0.7153961658477783203125000000000000,
  0.7164939641952514648437500000000000,
  0.7175899147987365722656250000000000,
  0.7186841368675231933593750000000000,
  0.7197765707969665527343750000000000,
  0.7208672761917114257812500000000000,
  0.7219561338424682617187500000000000,
  0.7230432033538818359375000000000000,
  0.7241285443305969238281250000000000,
  0.7252120375633239746093750000000000,
  0.7262937426567077636718750000000000,
  0.7273736596107482910156250000000000,
  0.7284517884254455566406250000000000,
  0.7295281291007995605468750000000000,
  0.7306026816368103027343750000000000,
  0.7316753864288330078125000000000000,
  0.7327463030815124511718750000000000,
  0.7338153719902038574218750000000000,
  0.7348826527595520019531250000000000,
  0.7359480857849121093750000000000000,
  0.7370117306709289550781250000000000,
  0.7380735874176025390625000000000000,
  0.7391335964202880859375000000000000,
  0.7401916980743408203125000000000000,
  0.7412480711936950683593750000000000,
  0.7423025369644165039062500000000000,
  0.7433552145957946777343750000000000,
  0.7444060444831848144531250000000000,
  0.7454550862312316894531250000000000,
  0.7465022206306457519531250000000000,
  0.7475475072860717773437500000000000,
  0.7485909461975097656250000000000000,
  0.7496325969696044921875000000000000,
  0.7506723403930664062500000000000000,
  0.7517102360725402832031250000000000,
  0.7527462840080261230468750000000000,
  0.7537804245948791503906250000000000,
  0.7548127770423889160156250000000000,
  0.7558432221412658691406250000000000,
  0.7568717598915100097656250000000000,
  0.7578985095024108886718750000000000,
  0.7589233517646789550781250000000000,
  0.7599462866783142089843750000000000,
  0.7609673738479614257812500000000000,
  0.7619865536689758300781250000000000,
  0.7630038857460021972656250000000000,
  0.7640193104743957519531250000000000,
  0.7650328278541564941406250000000000,
  0.7660444974899291992187500000000000,
  0.7670542597770690917968750000000000,
  0.7680621147155761718750000000000000,
  0.7690680623054504394531250000000000,
  0.7700721025466918945312500000000000,
  0.7710742354393005371093750000000000,
  0.7720745205879211425781250000000000,
  0.7730728387832641601562500000000000,
  0.7740692496299743652343750000000000,
  0.7750637531280517578125000000000000,
  0.7760563492774963378906250000000000,
  0.7770470380783081054687500000000000,
  0.7780357599258422851562500000000000,
  0.7790225744247436523437500000000000,
  0.7800074815750122070312500000000000,
  0.7809904813766479492187500000000000,
  0.7819715142250061035156250000000000,
  0.7829506397247314453125000000000000,
  0.7839277982711791992187500000000000,
  0.7849030494689941406250000000000000,
  0.7858763933181762695312500000000000,
  0.7868477106094360351562500000000000,
  0.7878171205520629882812500000000000,
  0.7887846231460571289062500000000000,
  0.7897500991821289062500000000000000,
  0.7907136678695678710937500000000000,
  0.7916752696037292480468750000000000,
  0.7926349043846130371093750000000000,
  0.7935926318168640136718750000000000,
  0.7945483326911926269531250000000000,
  0.7955021262168884277343750000000000,
  0.7964538931846618652343750000000000,
  0.7974036931991577148437500000000000,
  0.7983515858650207519531250000000000,
  0.7992974519729614257812500000000000,
  0.8002413511276245117187500000000000,
  0.8011832833290100097656250000000000,
  0.8021232485771179199218750000000000,
  0.8030611872673034667968750000000000,
  0.8039971590042114257812500000000000,
  0.8049311637878417968750000000000000,
  0.8058631420135498046875000000000000,
  0.8067931532859802246093750000000000,
  0.8077211380004882812500000000000000,
  0.8086471557617187500000000000000000,
  0.8095712065696716308593750000000000,
  0.8104931712150573730468750000000000,
  0.8114132285118103027343750000000000,
  0.8123311996459960937500000000000000,
  0.8132472038269042968750000000000000,
  0.8141611814498901367187500000000000,
  0.8150731921195983886718750000000000,
  0.8159831166267395019531250000000000,
  0.8168910741806030273437500000000000,
  0.8177970051765441894531250000000000,
  0.8187009096145629882812500000000000,
  0.8196027278900146484375000000000000,
  0.8205025792121887207031250000000000,
  0.8214004039764404296875000000000000,
  0.8222962021827697753906250000000000,
  0.8231899738311767578125000000000000,
  0.8240816593170166015625000000000000,
  0.8249713778495788574218750000000000,
  0.8258590102195739746093750000000000,
  0.8267446160316467285156250000000000,
  0.8276281952857971191406250000000000,
  0.8285096883773803710937500000000000,
  0.8293891549110412597656250000000000,
  0.8302665352821350097656250000000000,
  0.8311419486999511718750000000000000,
  0.8320152163505554199218750000000000,
  0.8328864574432373046875000000000000,
  0.8337556719779968261718750000000000,
  0.8346228003501892089843750000000000,
  0.8354878425598144531250000000000000,
  0.8363508582115173339843750000000000,
  0.8372117877006530761718750000000000,
  0.8380706310272216796875000000000000,
  0.8389273881912231445312500000000000,
  0.8397821187973022460937500000000000,
  0.8406347632408142089843750000000000,
  0.8414853215217590332031250000000000,
  0.8423338532447814941406250000000000,
  0.8431802392005920410156250000000000,
  0.8440245389938354492187500000000000,
  0.8448667526245117187500000000000000,
  0.8457068800926208496093750000000000,
  0.8465449213981628417968750000000000,
  0.8473808765411376953125000000000000,
  0.8482147455215454101562500000000000,
  0.8490465283393859863281250000000000,
  0.8498761653900146484375000000000000,
  0.8507037162780761718750000000000000,
  0.8515291810035705566406250000000000,
  0.8523524999618530273437500000000000,
  0.8531737327575683593750000000000000,
  0.8539928793907165527343750000000000,
  0.8548098802566528320312500000000000,
  0.8556247949600219726562500000000000,
  0.8564376235008239746093750000000000,
  0.8572483062744140625000000000000000,
  0.8580568432807922363281250000000000,
  0.8588632941246032714843750000000000,
  0.8596675992012023925781250000000000,
  0.8604697585105895996093750000000000,
  0.8612698316574096679687500000000000,
  0.8620677590370178222656250000000000,
  0.8628635406494140625000000000000000,
  0.8636572360992431640625000000000000,
  0.8644487857818603515625000000000000,
  0.8652381896972656250000000000000000,
  0.8660254478454589843750000000000000,
  0.8668105602264404296875000000000000,
  0.8675935268402099609375000000000000,
  0.8683743476867675781250000000000000,
  0.8691530227661132812500000000000000,
  0.8699295520782470703125000000000000,
  0.8707039356231689453125000000000000,
  0.8714761734008789062500000000000000,
  0.8722462058067321777343750000000000,
  0.8730141520500183105468750000000000,
  0.8737798929214477539062500000000000,
  0.8745434880256652832031250000000000,
  0.8753049373626708984375000000000000,
  0.8760641813278198242187500000000000,
  0.8768212795257568359375000000000000,
  0.8775762319564819335937500000000000,
  0.8783289790153503417968750000000000,
  0.8790795803070068359375000000000000,
  0.8798280358314514160156250000000000,
  0.8805742859840393066406250000000000,
  0.8813183307647705078125000000000000,
  0.8820602297782897949218750000000000,
  0.8827999234199523925781250000000000,
  0.8835374712944030761718750000000000,
  0.8842728137969970703125000000000000,
  0.8850059509277343750000000000000000,
  0.8857369422912597656250000000000000,
  0.8864657282829284667968750000000000,
  0.8871923089027404785156250000000000,
  0.8879166841506958007812500000000000,
  0.8886389136314392089843750000000000,
  0.8893588781356811523437500000000000,
  0.8900766968727111816406250000000000,
  0.8907923102378845214843750000000000,
  0.8915057182312011718750000000000000,
  0.8922169208526611328125000000000000,
  0.8929259181022644042968750000000000,
  0.8936327099800109863281250000000000,
  0.8943372368812561035156250000000000,
  0.8950396180152893066406250000000000,
  0.8957397937774658203125000000000000,
  0.8964377045631408691406250000000000,
  0.8971334099769592285156250000000000,
  0.8978269100189208984375000000000000,
  0.8985182046890258789062500000000000,
  0.8992072343826293945312500000000000,
  0.8998941183090209960937500000000000,
  0.9005787372589111328125000000000000,
  0.9012610912322998046875000000000000,
  0.9019412398338317871093750000000000,
  0.9026191830635070800781250000000000,
  0.9032948017120361328125000000000000,
  0.9039682745933532714843750000000000,
  0.9046395421028137207031250000000000,
  0.9053084850311279296875000000000000,
  0.9059752821922302246093750000000000,
  0.9066397547721862792968750000000000,
  0.9073020219802856445312500000000000,
  0.9079620838165283203125000000000000,
  0.9086198210716247558593750000000000,
  0.9092754125595092773437500000000000,
  0.9099286794662475585937500000000000,
  0.9105797410011291503906250000000000,
  0.9112284779548645019531250000000000,
  0.9118750095367431640625000000000000,
  0.9125193357467651367187500000000000,
  0.9131613373756408691406250000000000,
  0.9138011336326599121093750000000000,
  0.9144386053085327148437500000000000,
  0.9150738716125488281250000000000000,
  0.9157068729400634765625000000000000,
  0.9163375496864318847656250000000000,
  0.9169660210609436035156250000000000,
  0.9175922274589538574218750000000000,
  0.9182161092758178710937500000000000,
  0.9188377857208251953125000000000000,
  0.9194571375846862792968750000000000,
  0.9200742840766906738281250000000000,
  0.9206891059875488281250000000000000,
  0.9213016629219055175781250000000000,
  0.9219118952751159667968750000000000,
  0.9225199222564697265625000000000000,
  0.9231256246566772460937500000000000,
  0.9237290620803833007812500000000000,
  0.9243301749229431152343750000000000,
  0.9249290823936462402343750000000000,
  0.9255256652832031250000000000000000,
  0.9261199235916137695312500000000000,
  0.9267119169235229492187500000000000,
  0.9273016452789306640625000000000000,
  0.9278890490531921386718750000000000,
  0.9284741878509521484375000000000000,
  0.9290570020675659179687500000000000,
  0.9296375513076782226562500000000000,
  0.9302157759666442871093750000000000,
  0.9307916760444641113281250000000000,
  0.9313653111457824707031250000000000,
  0.9319366216659545898437500000000000,
  0.9325056672096252441406250000000000,
  0.9330723881721496582031250000000000,
  0.9336367845535278320312500000000000,
  0.9341989159584045410156250000000000,
  0.9347586631774902343750000000000000,
  0.9353161454200744628906250000000000,
  0.9358713626861572265625000000000000,
  0.9364241957664489746093750000000000,
  0.9369747638702392578125000000000000,
  0.9375229477882385253906250000000000,
  0.9380688667297363281250000000000000,
  0.9386124610900878906250000000000000,
  0.9391537308692932128906250000000000,
  0.9396926760673522949218750000000000,
  0.9402292966842651367187500000000000,
  0.9407635927200317382812500000000000,
  0.9412955641746520996093750000000000,
  0.9418252110481262207031250000000000,
  0.9423524737358093261718750000000000,
  0.9428774714469909667968750000000000,
  0.9434001445770263671875000000000000,
  0.9439204335212707519531250000000000,
  0.9444383978843688964843750000000000,
  0.9449540376663208007812500000000000,
  0.9454673528671264648437500000000000,
  0.9459783434867858886718750000000000,
  0.9464870095252990722656250000000000,
  0.9469932913780212402343750000000000,
  0.9474972486495971679687500000000000,
  0.9479988813400268554687500000000000,
  0.9484981298446655273437500000000000,
  0.9489950537681579589843750000000000,
  0.9494896531105041503906250000000000,
  0.9499818682670593261718750000000000,
  0.9504717588424682617187500000000000,
  0.9509593248367309570312500000000000,
  0.9514445066452026367187500000000000,
  0.9519273042678833007812500000000000,
  0.9524077773094177246093750000000000,
  0.9528859257698059082031250000000000,
  0.9533616900444030761718750000000000,
  0.9538350701332092285156250000000000,
  0.9543061256408691406250000000000000,
  0.9547748565673828125000000000000000,
  0.9552411437034606933593750000000000,
  0.9557051658630371093750000000000000,
  0.9561667442321777343750000000000000,
  0.9566259980201721191406250000000000,
  0.9570828676223754882812500000000000,
  0.9575374126434326171875000000000000,
  0.9579895138740539550781250000000000,
  0.9584392905235290527343750000000000,
  0.9588867425918579101562500000000000,
  0.9593317508697509765625000000000000,
  0.9597744345664978027343750000000000,
  0.9602147340774536132812500000000000,
  0.9606526494026184082031250000000000,
  0.9610881805419921875000000000000000,
  0.9615213274955749511718750000000000,
  0.9619521498680114746093750000000000,
  0.9623805284500122070312500000000000,
  0.9628065824508666992187500000000000,
  0.9632301926612854003906250000000000,
  0.9636514782905578613281250000000000,
  0.9640703797340393066406250000000000,
  0.9644868969917297363281250000000000,
  0.9649009704589843750000000000000000,
  0.9653127193450927734375000000000000,
  0.9657220840454101562500000000000000,
  0.9661290049552917480468750000000000,
  0.9665336012840270996093750000000000,
  0.9669358134269714355468750000000000,
  0.9673355817794799804687500000000000,
  0.9677329659461975097656250000000000,
  0.9681279659271240234375000000000000,
  0.9685205817222595214843750000000000,
  0.9689108133316040039062500000000000,
  0.9692986607551574707031250000000000,
  0.9696840643882751464843750000000000,
  0.9700670838356018066406250000000000,
  0.9704477190971374511718750000000000,
  0.9708259701728820800781250000000000,
  0.9712017774581909179687500000000000,
  0.9715752005577087402343750000000000,
  0.9719462394714355468750000000000000,
  0.9723148345947265625000000000000000,
  0.9726811051368713378906250000000000,
  0.9730448722839355468750000000000000,
  0.9734063148498535156250000000000000,
  0.9737653136253356933593750000000000,
  0.9741218686103820800781250000000000,
  0.9744760990142822265625000000000000,
  0.9748278260231018066406250000000000,
  0.9751772284507751464843750000000000,
  0.9755241870880126953125000000000000,
  0.9758687019348144531250000000000000,
  0.9762108325958251953125000000000000,
  0.9765505790710449218750000000000000,
  0.9768878817558288574218750000000000,
  0.9772228002548217773437500000000000,
  0.9775552749633789062500000000000000,
  0.9778853058815002441406250000000000,
  0.9782129526138305664062500000000000,
  0.9785381555557250976562500000000000,
  0.9788609743118286132812500000000000,
  0.9791813492774963378906250000000000,
  0.9794992804527282714843750000000000,
  0.9798148274421691894531250000000000,
  0.9801279902458190917968750000000000,
  0.9804386496543884277343750000000000,
  0.9807469248771667480468750000000000,
  0.9810527563095092773437500000000000,
  0.9813562035560607910156250000000000,
  0.9816572070121765136718750000000000,
  0.9819557666778564453125000000000000,
  0.9822518825531005859375000000000000,
  0.9825456142425537109375000000000000,
  0.9828369021415710449218750000000000,
  0.9831257462501525878906250000000000,
  0.9834121465682983398437500000000000,
  0.9836961627006530761718750000000000,
  0.9839776754379272460937500000000000,
  0.9842568039894104003906250000000000,
  0.9845334887504577636718750000000000,
  0.9848077893257141113281250000000000,
  0.9850795865058898925781250000000000,
  0.9853489995002746582031250000000000,
  0.9856159090995788574218750000000000,
  0.9858804345130920410156250000000000,
  0.9861425161361694335937500000000000,
  0.9864021539688110351562500000000000,
  0.9866593480110168457031250000000000,
  0.9869140982627868652343750000000000,
  0.9871664047241210937500000000000000,
  0.9874163269996643066406250000000000,
  0.9876637458801269531250000000000000,
  0.9879087209701538085937500000000000,
  0.9881513118743896484375000000000000,
  0.9883913993835449218750000000000000,
  0.9886291027069091796875000000000000,
  0.9888643026351928710937500000000000,
  0.9890970587730407714843750000000000,
  0.9893274307250976562500000000000000,
  0.9895552992820739746093750000000000,
  0.9897807240486145019531250000000000,
  0.9900037050247192382812500000000000,
  0.9902242422103881835937500000000000,
  0.9904423952102661132812500000000000,
  0.9906580448150634765625000000000000,
  0.9908711910247802734375000000000000,
  0.9910819530487060546875000000000000,
  0.9912902712821960449218750000000000,
  0.9914960861206054687500000000000000,
  0.9916995167732238769531250000000000,
  0.9919004440307617187500000000000000,
  0.9920989274978637695312500000000000,
  0.9922949671745300292968750000000000,
  0.9924885630607604980468750000000000,
  0.9926797151565551757812500000000000,
  0.9928683638572692871093750000000000,
  0.9930545687675476074218750000000000,
  0.9932383894920349121093750000000000,
  0.9934196472167968750000000000000000,
  0.9935985207557678222656250000000000,
  0.9937749505043029785156250000000000,
  0.9939488768577575683593750000000000,
  0.9941203594207763671875000000000000,
  0.9942893981933593750000000000000000,
  0.9944559335708618164062500000000000,
  0.9946200847625732421875000000000000,
  0.9947817325592041015625000000000000,
  0.9949409365653991699218750000000000,
  0.9950976371765136718750000000000000,
  0.9952518939971923828125000000000000,
  0.9954037070274353027343750000000000,
  0.9955530762672424316406250000000000,
  0.9957000017166137695312500000000000,
  0.9958444237709045410156250000000000,
  0.9959863424301147460937500000000000,
  0.9961258769035339355468750000000000,
  0.9962629079818725585937500000000000,
  0.9963974952697753906250000000000000,
  0.9965295791625976562500000000000000,
  0.9966592788696289062500000000000000,
  0.9967864751815795898437500000000000,
  0.9969111680984497070312500000000000,
  0.9970334172248840332031250000000000,
  0.9971532225608825683593750000000000,
  0.9972705245018005371093750000000000,
  0.9973853826522827148437500000000000,
  0.9974977970123291015625000000000000,
  0.9976077079772949218750000000000000,
  0.9977151751518249511718750000000000,
  0.9978201985359191894531250000000000,
  0.9979227185249328613281250000000000,
  0.9980227947235107421875000000000000,
  0.9981203675270080566406250000000000,
  0.9982154965400695800781250000000000,
  0.9983081817626953125000000000000000,
  0.9983983635902404785156250000000000,
  0.9984861016273498535156250000000000,
  0.9985713362693786621093750000000000,
  0.9986541271209716796875000000000000,
  0.9987344145774841308593750000000000,
  0.9988122582435607910156250000000000,
  0.9988876581192016601562500000000000,
  0.9989605545997619628906250000000000,
  0.9990310072898864746093750000000000,
  0.9990989565849304199218750000000000,
  0.9991644620895385742187500000000000,
  0.9992275238037109375000000000000000,
  0.9992880821228027343750000000000000,
  0.9993461370468139648437500000000000,
  0.9994017481803894042968750000000000,
  0.9994549155235290527343750000000000,
  0.9995055794715881347656250000000000,
  0.9995537996292114257812500000000000,
  0.9995995163917541503906250000000000,
  0.9996427893638610839843750000000000,
  0.9996835589408874511718750000000000,
  0.9997218847274780273437500000000000,
  0.9997577071189880371093750000000000,
  0.9997910857200622558593750000000000,
  0.9998220205307006835937500000000000,
  0.9998504519462585449218750000000000,
  0.9998763799667358398437500000000000,
  0.9998998641967773437500000000000000,
  0.9999209046363830566406250000000000,
  0.9999394416809082031250000000000000,
  0.9999554753303527832031250000000000,
  0.9999691247940063476562500000000000,
  0.9999802112579345703125000000000000,
  0.9999888539314270019531250000000000,
  0.9999950528144836425781250000000000,
  0.9999987483024597167968750000000000,
  1.0000000000000000000000000000000000,
]
